# Controller showcase layout: object | position x y z | rotation x y z w | scale x y z
Ceilings and gaps/Bars#0 | 11.667 | 0.15 | -17.623 | 0 | -0.24548 | 0 | 0.9694 | 1 | 1 | 1
Ceilings and gaps/Bars#1 | 10.477 | 0.35 | -15.425 | 0 | -0.24548 | 0 | 0.9694 | 1 | 1 | 1
Ceilings and gaps/Bars#2 | 9.287 | 1.6 | -13.226 | 0 | -0.24548 | 0 | 0.9694 | 1 | 1 | 1
Ceilings and gaps/Bars#3 | 9.158 | 0.9 | -16.138 | 0 | -0.24548 | 0 | 0.9694 | 1 | 1 | 1
Ceilings and gaps/Bars#4 | 11.796 | 0.9 | -14.711 | 0 | -0.24548 | 0 | 0.9694 | 1 | 1 | 1
Ceilings and gaps/Crawl tunnel#0 | 8.157 | 0.65 | -20.439 | 0 | -0.24548 | 0 | 0.9694 | 1 | 1 | 1
Ceilings and gaps/Crawl tunnel#1 | 10.619 | 0.65 | -19.107 | 0 | -0.24548 | 0 | 0.9694 | 1 | 1 | 1
Ceilings and gaps/Crawl tunnel#10 | 8.478 | 0.65 | -15.149 | 0 | -0.24548 | 0 | 0.9694 | 1 | 1 | 1
Ceilings and gaps/Crawl tunnel#11 | 7.246 | 1.554 | -15.815 | 0 | -0.24548 | 0 | 0.9694 | 1 | 1.673 | 1
Ceilings and gaps/Crawl tunnel#12 | 5.301 | 0.65 | -15.162 | 0 | -0.24548 | 0 | 0.9694 | 1 | 1 | 1
Ceilings and gaps/Crawl tunnel#13 | 7.764 | 0.65 | -13.83 | 0 | -0.24548 | 0 | 0.9694 | 1 | 1 | 1
Ceilings and gaps/Crawl tunnel#14 | 6.532 | 1.554 | -14.496 | 0 | -0.24548 | 0 | 0.9694 | 1 | 1.673 | 1
Ceilings and gaps/Crawl tunnel#15 | 4.587 | 0.65 | -13.843 | 0 | -0.24548 | 0 | 0.9694 | 1 | 1 | 1
Ceilings and gaps/Crawl tunnel#16 | 7.05 | 0.65 | -12.511 | 0 | -0.24548 | 0 | 0.9694 | 1 | 1 | 1
Ceilings and gaps/Crawl tunnel#17 | 5.818 | 1.554 | -13.177 | 0 | -0.24548 | 0 | 0.9694 | 1 | 1.673 | 1
Ceilings and gaps/Crawl tunnel#2 | 9.388 | 1.554 | -19.773 | 0 | -0.24548 | 0 | 0.9694 | 1 | 1.673 | 1
Ceilings and gaps/Crawl tunnel#3 | 7.443 | 0.65 | -19.12 | 0 | -0.24548 | 0 | 0.9694 | 1 | 1 | 1
Ceilings and gaps/Crawl tunnel#4 | 9.905 | 0.65 | -17.787 | 0 | -0.24548 | 0 | 0.9694 | 1 | 1 | 1
Ceilings and gaps/Crawl tunnel#5 | 8.674 | 1.554 | -18.454 | 0 | -0.24548 | 0 | 0.9694 | 1 | 1.673 | 1
Ceilings and gaps/Crawl tunnel#6 | 6.729 | 0.65 | -17.801 | 0 | -0.24548 | 0 | 0.9694 | 1 | 1 | 1
Ceilings and gaps/Crawl tunnel#7 | 9.191 | 0.65 | -16.468 | 0 | -0.24548 | 0 | 0.9694 | 1 | 1 | 1
Ceilings and gaps/Crawl tunnel#8 | 7.96 | 1.554 | -17.135 | 0 | -0.24548 | 0 | 0.9694 | 1 | 1.673 | 1
Ceilings and gaps/Crawl tunnel#9 | 6.015 | 0.65 | -16.482 | 0 | -0.24548 | 0 | 0.9694 | 1 | 1 | 1
Ceilings and gaps/Doorway wall#0 | 4.576 | 1.5 | -27.5 | 0 | -0.24548 | 0 | 0.9694 | 1 | 1 | 1
Ceilings and gaps/Doorway wall#1 | 5.632 | 2.15 | -26.928 | 0 | -0.24548 | 0 | 0.9694 | 1 | 1 | 1
Ceilings and gaps/Doorway wall#10 | 16.449 | 1.5 | -21.074 | 0 | -0.24548 | 0 | 0.9694 | 1 | 1 | 1
Ceilings and gaps/Doorway wall#11 | 17.68 | 2.7 | -20.408 | 0 | -0.24548 | 0 | 0.9694 | 1 | 1 | 1
Ceilings and gaps/Doorway wall#12 | 18.912 | 1.5 | -19.742 | 0 | -0.24548 | 0 | 0.9694 | 1 | 1 | 1
Ceilings and gaps/Doorway wall#2 | 6.951 | 1.5 | -26.215 | 0 | -0.24548 | 0 | 0.9694 | 1 | 1 | 1
Ceilings and gaps/Doorway wall#3 | 8.27 | 2.289 | -25.501 | 0 | -0.24548 | 0 | 0.9694 | 1 | 1.244 | 1
Ceilings and gaps/Doorway wall#4 | 9.589 | 1.5 | -24.787 | 0 | -0.24548 | 0 | 0.9694 | 1 | 1 | 1
Ceilings and gaps/Doorway wall#5 | 10.908 | 2.383 | -24.073 | 0 | -0.24548 | 0 | 0.9694 | 1 | 1.546 | 1
Ceilings and gaps/Doorway wall#6 | 12.228 | 1.5 | -23.359 | 0 | -0.24548 | 0 | 0.9694 | 1 | 1 | 1
Ceilings and gaps/Doorway wall#7 | 13.239 | 2.7 | -22.812 | 0 | -0.24548 | 0 | 0.9694 | 1 | 1 | 1
Ceilings and gaps/Doorway wall#8 | 14.25 | 1.5 | -22.264 | 0 | -0.24548 | 0 | 0.9694 | 1 | 1 | 1
Ceilings and gaps/Doorway wall#9 | 15.35 | 2.7 | -21.669 | 0 | -0.24548 | 0 | 0.9694 | 1 | 1 | 1
Curves/Arched tunnel 2#0 | -8.662 | -0 | -22.509 | 0 | -0.43033 | 0 | 0.90267 | 1 | 1 | 1
Curves/Arched tunnel#0 | -12.11 | -0 | -25.794 | 0 | -0.43033 | 0 | 0.90267 | 1 | 1 | 1
Curves/Dome 2#0 | -12.983 | -0.77 | -32.194 | 0 | 0.33399 | 0 | 0.94258 | 1 | 1 | 1
Curves/Dome 3#0 | -17.398 | -1.12 | -28.915 | 0 | 0.33399 | 0 | 0.94258 | 1 | 1 | 1
Curves/Dome#0 | -10.215 | -0.42 | -34.303 | 0 | 0.33399 | 0 | 0.94258 | 1 | 1 | 1
Curves/Logs#0 | -6.759 | 0.18 | -30.875 | 0.23617 | 0.23617 | 0.6665 | 0.6665 | 1 | 1 | 1
Curves/Logs#1 | -5.437 | 0.36 | -29.243 | 0.23617 | 0.23617 | 0.6665 | 0.6665 | 1 | 1 | 1
Curves/Logs#2 | -3.674 | 0.6 | -27.068 | 0.23617 | 0.23617 | 0.6665 | 0.6665 | 1 | 1 | 1
Curves/Logs#3 | -1.344 | 0.9 | -24.194 | 0.23617 | 0.23617 | 0.6665 | 0.6665 | 1 | 1 | 1
Curves/Quarter pipes#0 | -1.954 | 0 | -17.169 | 0 | 0.94258 | 0 | -0.33399 | 1 | 1 | 1
Curves/Quarter pipes#1 | -2.678 | 0.75 | -18.062 | 0 | 0.94258 | 0 | -0.33399 | 1 | 1 | 1
Curves/Quarter pipes#2 | -4.673 | 0 | -14.965 | 0 | 0.94258 | 0 | -0.33399 | 1 | 1 | 1
Curves/Quarter pipes#3 | -6.026 | 1.25 | -16.635 | 0 | 0.94258 | 0 | -0.33399 | 1 | 1 | 1
Curves/Quarter pipes#4 | -7.392 | 0 | -12.761 | 0 | 0.94258 | 0 | -0.33399 | 1 | 1 | 1
Curves/Quarter pipes#5 | -9.375 | 1.75 | -15.209 | 0 | 0.94258 | 0 | -0.33399 | 1 | 1 | 1
Curves/Quarter pipes#6 | -10.111 | 0 | -10.558 | 0 | 0.94258 | 0 | -0.33399 | 1 | 1 | 1
Curves/Quarter pipes#7 | -13.039 | 2.5 | -14.17 | 0 | 0.94258 | 0 | -0.33399 | 1 | 1 | 1
Edges and jumps/Beams#0 | 11.612 | 1 | 9.442 | 0 | 0.46893 | 0 | 0.88324 | 1 | 1 | 1
Edges and jumps/Beams#1 | 8.717 | 0.86 | 7.484 | -0.19868 | 0.45691 | 0.10549 | 0.8606 | 1 | 1 | 1
Edges and jumps/Beams#2 | 22.38 | 1 | 16.725 | 0 | 0.46893 | 0 | 0.88324 | 1 | 1 | 1
Edges and jumps/Beams#3 | 16.436 | 1.9 | 13.911 | 0 | 0.46893 | 0 | 0.88324 | 1 | 1 | 1
Edges and jumps/Beams#4 | 17.027 | 1.9 | 13.037 | 0 | 0.46893 | 0 | 0.88324 | 1 | 1 | 1
Edges and jumps/Beams#5 | 17.534 | 1.9 | 12.288 | 0 | 0.46893 | 0 | 0.88324 | 1 | 1 | 1
Edges and jumps/Hop blocks#0 | -11.954 | 0.25 | -3.936 | 0 | 0.71087 | 0 | -0.70332 | 1 | 1 | 1
Edges and jumps/Hop blocks#1 | -11.982 | 0.5 | -1.337 | 0 | 0.71087 | 0 | -0.70332 | 1 | 1 | 1
Edges and jumps/Hop blocks#2 | -12.01 | 0.75 | 1.263 | 0 | 0.71087 | 0 | -0.70332 | 1 | 1 | 1
Edges and jumps/Hop blocks#3 | -12.038 | 1 | 3.863 | 0 | 0.71087 | 0 | -0.70332 | 1 | 1 | 1
Edges and jumps/Hop blocks#4 | -12.065 | 1.25 | 6.463 | 0 | 0.71087 | 0 | -0.70332 | 1 | 1 | 1
Moving things/Lift#0 | -27.551 | 2 | 27.731 | 0 | 0.99998 | 0 | -0.00648 | 1 | 1 | 1
Moving things/Lift#1 | -24.801 | 0.1 | 27.695 | 0 | 0.99998 | 0 | -0.00648 | 1 | 1 | 1
Moving things/Log rollers#0 | -20.53 | -0.462 | 2.451 | -0.11828 | 0.4 | 0.69717 | -0.58307 | 1 | 1 | 1
Moving things/Log rollers#1 | -18.91 | -1.153 | 0.775 | -0.11828 | 0.4 | 0.69717 | -0.58307 | 1.572 | 1.572 | 1.572
Moving things/Sliding platform#0 | -19.0 | 0.498 | 31.62 | 0 | 0.99998 | 0 | -0.00648 | 1 | 1 | 1
Moving things/Spinning disc#0 | -17.393 | 0.13 | -7.782 | 0 | 0.32447 | 0 | -0.9459 | 1 | 1 | 1
Moving things/Sweepers#0 | -32.762 | 0.85 | -7.777 | 0 | 0.1026 | 0 | 0.99472 | 1 | 1 | 1
Moving things/Sweepers#1 | -29.144 | 0.85 | -11.513 | 0 | 0.7657 | 0 | -0.6432 | 1 | 1 | 1
Moving things/Tilted disc#0 | -23.499 | 0.8 | -13.695 | 0.0871 | 0.66928 | 0.00284 | -0.73788 | 1 | 1 | 1
Rough ground/Jagged field#0 | -31.305 | 0.02 | 14.909 | 0 | 0.724 | 0 | 0.68981 | 1 | 1 | 1
Rough ground/Rolling bumps#0 | -31.933 | 0.02 | 1.924 | 0 | 0.724 | 0 | 0.68981 | 1 | 1 | 1
Rough ground/Stone field#0 | -16.06 | 0.172 | 9.442 | -0.01236 | 0.98804 | 0.01344 | 0.15313 | 1 | 1 | 1
Rough ground/Stone field#1 | -15.668 | 0.09 | 8.105 | 0.02322 | 0.95757 | 0.05972 | 0.28098 | 1 | 1 | 1
Rough ground/Stone field#10 | -16.148 | 0.059 | 8.707 | -0.02843 | 0.78696 | 0.03243 | 0.6155 | 1 | 1 | 1
Rough ground/Stone field#100 | -15.217 | 0.068 | 11.412 | -0.06488 | 0.93957 | 0.03462 | 0.33437 | 1 | 1 | 1
Rough ground/Stone field#101 | -22.025 | 0.027 | 17.894 | -0.03703 | 0.99373 | -0.07166 | 0.07739 | 1 | 1 | 1
Rough ground/Stone field#102 | -13.568 | 0.033 | 11.427 | -0.01006 | 0.99128 | -0.02408 | 0.12913 | 1 | 1 | 1
Rough ground/Stone field#103 | -23.104 | 0.037 | 18.512 | 0.042 | 0.90064 | 0.04164 | 0.43052 | 1 | 1 | 1
Rough ground/Stone field#104 | -18.52 | 0.113 | 14.538 | 0.0304 | 0.85229 | -0.04989 | 0.5198 | 1 | 1 | 1
Rough ground/Stone field#105 | -15.843 | 0.215 | 18.662 | -0.02787 | 0.89002 | -0.0028 | 0.45506 | 1 | 1 | 1
Rough ground/Stone field#106 | -16.548 | 0.163 | 9.94 | -0.04128 | 0.75885 | 0.02117 | 0.64961 | 1 | 1 | 1
Rough ground/Stone field#107 | -18.931 | 0.162 | 19.892 | 0.02395 | 0.99958 | -0.00624 | 0.01521 | 1 | 1 | 1
Rough ground/Stone field#108 | -21.207 | 0.171 | 17.034 | 0.01422 | 0.83949 | -0.04986 | 0.5409 | 1 | 1 | 1
Rough ground/Stone field#109 | -13.594 | 0.138 | 16.011 | -0.06014 | 0.8489 | 0.0323 | 0.52413 | 1 | 1 | 1
Rough ground/Stone field#11 | -17.961 | 0.117 | 9.275 | -0.02184 | 0.88397 | -0.06261 | 0.46281 | 1 | 1 | 1
Rough ground/Stone field#110 | -23.192 | 0.086 | 13.256 | 0.07568 | 0.72147 | -0.01192 | 0.6882 | 1 | 1 | 1
Rough ground/Stone field#111 | -21.239 | 0.103 | 15.966 | -0.03246 | 0.72814 | -0.01294 | 0.68453 | 1 | 1 | 1
Rough ground/Stone field#112 | -15.684 | 0.056 | 10.911 | 0.0594 | 0.76587 | -0.03583 | 0.63925 | 1 | 1 | 1
Rough ground/Stone field#113 | -19.697 | 0.18 | 17.454 | -0.02814 | 0.94247 | 0.01027 | 0.33295 | 1 | 1 | 1
Rough ground/Stone field#114 | -17.43 | 0.121 | 11.336 | 0.01949 | 0.92543 | 0.01631 | 0.37806 | 1 | 1 | 1
Rough ground/Stone field#115 | -12.784 | 0.185 | 12.659 | 0.02097 | 0.82489 | -0.06524 | 0.56113 | 1 | 1 | 1
Rough ground/Stone field#116 | -19.811 | 0.157 | 19.091 | 0.04788 | 0.91885 | -0.03411 | 0.39019 | 1 | 1 | 1
Rough ground/Stone field#117 | -14.727 | 0.187 | 12.202 | -0.0578 | 0.94939 | -0.0435 | 0.30565 | 1 | 1 | 1
Rough ground/Stone field#118 | -15.184 | 0.078 | 18.106 | 0.03222 | 0.81798 | -0.03284 | 0.57341 | 1 | 1 | 1
Rough ground/Stone field#119 | -21.029 | 0.114 | 19.88 | -0.01784 | 0.90368 | 0.0305 | 0.42676 | 1 | 1 | 1
Rough ground/Stone field#12 | -22.747 | 0.133 | 17.732 | 0.00948 | 0.85974 | 0.0582 | 0.50732 | 1 | 1 | 1
Rough ground/Stone field#120 | -17.468 | 0.092 | 18.781 | 0.0297 | 0.89186 | -0.04066 | 0.4495 | 1 | 1 | 1
Rough ground/Stone field#121 | -15.307 | 0.115 | 14.487 | -0.08165 | 0.90765 | 0.03167 | 0.41048 | 1 | 1 | 1
Rough ground/Stone field#122 | -12.149 | 0.028 | 14.15 | 0.02548 | 0.78761 | 0.01949 | 0.61533 | 1 | 1 | 1
Rough ground/Stone field#123 | -13.957 | 0.055 | 13.577 | 0.06455 | 0.98636 | 0.01496 | 0.15066 | 1 | 1 | 1
Rough ground/Stone field#124 | -14.563 | 0.141 | 18.535 | 0.09143 | 0.87888 | -0.0253 | 0.46751 | 1 | 1 | 1
Rough ground/Stone field#125 | -20.659 | 0.083 | 19.239 | 0.04911 | 0.80535 | -0.03731 | 0.58959 | 1 | 1 | 1
Rough ground/Stone field#126 | -17.58 | 0.15 | 20.044 | -0.05926 | 0.8846 | -0.01794 | 0.46222 | 1 | 1 | 1
Rough ground/Stone field#127 | -15.71 | 0.035 | 10.267 | 0.02945 | 0.89408 | -0.04159 | 0.445 | 1 | 1 | 1
Rough ground/Stone field#128 | -14.482 | 0.223 | 18.001 | -0.02467 | 0.80766 | -0.0229 | 0.58869 | 1 | 1 | 1
Rough ground/Stone field#129 | -13.995 | 0.223 | 10.154 | 0.00463 | 0.99653 | 0.02267 | 0.07996 | 1 | 1 | 1
Rough ground/Stone field#13 | -23.726 | 0.198 | 13.125 | -0.01053 | 0.9585 | -0.06963 | 0.27626 | 1 | 1 | 1
Rough ground/Stone field#130 | -23.436 | 0.1 | 14.198 | 0.07564 | 0.97545 | -0.03356 | 0.20406 | 1 | 1 | 1
Rough ground/Stone field#131 | -20.372 | 0.183 | 19.559 | -0.02298 | 0.79587 | -0.07822 | 0.59996 | 1 | 1 | 1
Rough ground/Stone field#132 | -14.074 | 0.051 | 9.819 | -0.01044 | 0.91131 | 0.01725 | 0.41122 | 1 | 1 | 1
Rough ground/Stone field#133 | -19.153 | 0.127 | 10.501 | 0.04555 | 0.84175 | 0.02449 | 0.53738 | 1 | 1 | 1
Rough ground/Stone field#134 | -23.047 | 0.143 | 14.596 | 0.04977 | 0.9941 | -0.04165 | 0.08687 | 1 | 1 | 1
Rough ground/Stone field#135 | -22.029 | 0.202 | 16.191 | 0.02996 | 0.91032 | 0.04032 | 0.41085 | 1 | 1 | 1
Rough ground/Stone field#136 | -13.762 | 0.039 | 16.235 | 0.04212 | 0.92708 | -0.05734 | 0.36804 | 1 | 1 | 1
Rough ground/Stone field#137 | -16.386 | 0.029 | 12.139 | 0.02425 | 0.97138 | 0.01499 | 0.23583 | 1 | 1 | 1
Rough ground/Stone field#138 | -20.197 | 0.19 | 16.655 | -0.0515 | 0.97126 | -0.03577 | 0.2296 | 1 | 1 | 1
Rough ground/Stone field#139 | -20.761 | 0.081 | 15.493 | -0.06622 | 0.96424 | 0.0514 | 0.25142 | 1 | 1 | 1
Rough ground/Stone field#14 | -20.68 | 0.22 | 18.562 | 0.06935 | 0.98526 | -0.02606 | 0.15418 | 1 | 1 | 1
Rough ground/Stone field#140 | -21.582 | 0.116 | 12.595 | -0.03999 | 0.96526 | -0.01879 | 0.25753 | 1 | 1 | 1
Rough ground/Stone field#141 | -22.261 | 0.203 | 14.808 | 0.05321 | 0.84389 | 0.00495 | 0.53385 | 1 | 1 | 1
Rough ground/Stone field#142 | -18.203 | 0.204 | 14.312 | -0.05757 | 0.92616 | 0.02451 | 0.37191 | 1 | 1 | 1
Rough ground/Stone field#143 | -24.365 | 0.193 | 11.171 | 0.0564 | 0.99445 | 0.0304 | 0.08346 | 1 | 1 | 1
Rough ground/Stone field#144 | -16.889 | 0.218 | 12.342 | 0.04531 | 0.76773 | 0.05236 | 0.63702 | 1 | 1 | 1
Rough ground/Stone field#145 | -16.155 | 0.119 | 10.314 | 0.00082 | 0.88415 | 0.02643 | 0.46645 | 1 | 1 | 1
Rough ground/Stone field#146 | -12.702 | 0.176 | 15.303 | 0.05855 | 0.921 | 0.00326 | 0.38512 | 1 | 1 | 1
Rough ground/Stone field#147 | -15.093 | 0.074 | 18.348 | 0.04242 | 0.98897 | -0.01964 | 0.14058 | 1 | 1 | 1
Rough ground/Stone field#148 | -13.011 | 0.147 | 14.842 | 0.03596 | 0.9923 | 0.05606 | 0.10438 | 1 | 1 | 1
Rough ground/Stone field#149 | -17.263 | 0.199 | 16.381 | -0.08751 | 0.74521 | 0.0074 | 0.66102 | 1 | 1 | 1
Rough ground/Stone field#15 | -21.087 | 0.116 | 9.107 | 0.0383 | 0.80112 | -0.00792 | 0.59723 | 1 | 1 | 1
Rough ground/Stone field#150 | -13.796 | 0.191 | 15.862 | 0.0431 | 0.98292 | -0.06131 | 0.1681 | 1 | 1 | 1
Rough ground/Stone field#151 | -15.721 | 0.067 | 8.978 | -0.00138 | 0.99574 | 0.02555 | 0.08855 | 1 | 1 | 1
Rough ground/Stone field#152 | -22.722 | 0.098 | 11.607 | 0.04902 | 0.73701 | 0.02857 | 0.6735 | 1 | 1 | 1
Rough ground/Stone field#153 | -15.477 | 0.056 | 12.23 | 0.05596 | 0.99416 | 0.03663 | 0.08473 | 1 | 1 | 1
Rough ground/Stone field#154 | -19.495 | 0.182 | 10.386 | -0.07842 | 0.9036 | 0.01792 | 0.42075 | 1 | 1 | 1
Rough ground/Stone field#155 | -19.177 | 0.072 | 10.028 | -0.03403 | 0.83406 | 0.04927 | 0.54842 | 1 | 1 | 1
Rough ground/Stone field#156 | -23.902 | 0.088 | 14.529 | 0.05568 | 0.97492 | 0.00798 | 0.21531 | 1 | 1 | 1
Rough ground/Stone field#157 | -18.981 | 0.031 | 16.804 | -0.03839 | 0.99825 | 0.00374 | 0.04484 | 1 | 1 | 1
Rough ground/Stone field#158 | -23.77 | 0.072 | 16.428 | 0.00588 | 0.98571 | -0.00636 | 0.16821 | 1 | 1 | 1
Rough ground/Stone field#159 | -19.735 | 0.099 | 15.996 | 0.04962 | 0.99793 | -0.02238 | 0.03429 | 1 | 1 | 1
Rough ground/Stone field#16 | -22.521 | 0.205 | 12.931 | 0.09487 | 0.75132 | -0.00586 | 0.65305 | 1 | 1 | 1
Rough ground/Stone field#160 | -19.751 | 0.141 | 9.383 | -0.00238 | 0.86051 | 0.04958 | 0.50702 | 1 | 1 | 1
Rough ground/Stone field#161 | -24.116 | 0.101 | 14.213 | -0.03653 | 0.78784 | 0.02283 | 0.61437 | 1 | 1 | 1
Rough ground/Stone field#162 | -13.047 | 0.033 | 13.497 | -0.00809 | 0.91958 | 0.00524 | 0.39279 | 1 | 1 | 1
Rough ground/Stone field#163 | -18.932 | 0.221 | 17.179 | -0.04702 | 0.95291 | -0.02279 | 0.29872 | 1 | 1 | 1
Rough ground/Stone field#164 | -19.549 | 0.199 | 10.201 | -0.04788 | 0.92152 | -0.00592 | 0.38531 | 1 | 1 | 1
Rough ground/Stone field#165 | -20.182 | 0.205 | 18.88 | -0.01498 | 0.77966 | 0.07129 | 0.62195 | 1 | 1 | 1
Rough ground/Stone field#166 | -17.047 | 0.079 | 16.929 | -0.02236 | 0.8813 | 0.03692 | 0.47058 | 1 | 1 | 1
Rough ground/Stone field#167 | -13.11 | 0.189 | 15.532 | -0.00358 | 0.98916 | 0.0661 | 0.13104 | 1 | 1 | 1
Rough ground/Stone field#168 | -22.074 | 0.1 | 17.229 | 0.07031 | 0.82629 | -0.0012 | 0.55884 | 1 | 1 | 1
Rough ground/Stone field#169 | -17.087 | 0.192 | 18.683 | 0.02109 | 0.90487 | -0.03643 | 0.42361 | 1 | 1 | 1
Rough ground/Stone field#17 | -14.288 | 0.105 | 18.199 | -0.01735 | 0.99984 | 0.00102 | 0.00402 | 1 | 1 | 1
Rough ground/Stone field#170 | -13.679 | 0.223 | 12.986 | 0.04239 | 0.91985 | 0.04801 | 0.387 | 1 | 1 | 1
Rough ground/Stone field#171 | -17.938 | 0.185 | 10.028 | 0.06226 | 0.97683 | -0.01319 | 0.20432 | 1 | 1 | 1
Rough ground/Stone field#172 | -15.09 | 0.056 | 17.884 | -0.00538 | 0.99197 | -0.00866 | 0.12608 | 1 | 1 | 1
Rough ground/Stone field#173 | -19.905 | 0.206 | 19.653 | -0.01819 | 0.98236 | -0.03738 | 0.1823 | 1 | 1 | 1
Rough ground/Stone field#174 | -14.706 | 0.109 | 15.985 | -0.00585 | 0.99029 | 0.04044 | 0.13288 | 1 | 1 | 1
Rough ground/Stone field#175 | -16.326 | 0.165 | 13.384 | 0.06958 | 0.91505 | -0.02418 | 0.39656 | 1 | 1 | 1
Rough ground/Stone field#176 | -23.59 | 0.2 | 14.317 | 0.00018 | 0.77942 | -0.04198 | 0.62509 | 1 | 1 | 1
Rough ground/Stone field#177 | -24.307 | 0.138 | 15.529 | 0.04382 | 0.93554 | -0.00242 | 0.35048 | 1 | 1 | 1
Rough ground/Stone field#178 | -17.319 | 0.203 | 14.214 | 0.05287 | 0.99691 | 0.03856 | 0.04357 | 1 | 1 | 1
Rough ground/Stone field#179 | -17.866 | 0.097 | 19.316 | -0.04007 | 0.99641 | -0.02789 | 0.0691 | 1 | 1 | 1
Rough ground/Stone field#18 | -16.667 | 0.211 | 8.459 | -0.03998 | 0.84214 | -0.06311 | 0.53406 | 1 | 1 | 1
Rough ground/Stone field#180 | -19.654 | 0.188 | 18.462 | -0.00066 | 0.89364 | 0.05538 | 0.44535 | 1 | 1 | 1
Rough ground/Stone field#181 | -19.752 | 0.145 | 9.701 | -0.02634 | 0.9962 | -0.06638 | 0.04977 | 1 | 1 | 1
Rough ground/Stone field#182 | -13.784 | 0.072 | 11.509 | 0.03451 | 0.7847 | 0.04325 | 0.61741 | 1 | 1 | 1
Rough ground/Stone field#183 | -18.355 | 0.148 | 8.9 | -0.0018 | 0.98897 | 0.01528 | 0.1473 | 1 | 1 | 1
Rough ground/Stone field#184 | -23.019 | 0.093 | 10.203 | 0.07727 | 0.94256 | -0.04551 | 0.32178 | 1 | 1 | 1
Rough ground/Stone field#185 | -18.805 | 0.08 | 16.534 | -0.01482 | 0.8324 | -0.00494 | 0.55396 | 1 | 1 | 1
Rough ground/Stone field#186 | -22.04 | 0.12 | 14.691 | -0.07638 | 0.85821 | 0.004 | 0.50757 | 1 | 1 | 1
Rough ground/Stone field#187 | -23.196 | 0.189 | 16.107 | 0.06608 | 0.97502 | -0.02795 | 0.21023 | 1 | 1 | 1
Rough ground/Stone field#188 | -18.34 | 0.181 | 17.593 | -0.06086 | 0.88726 | 0.02733 | 0.45641 | 1 | 1 | 1
Rough ground/Stone field#189 | -16.33 | 0.054 | 9.231 | 0.00075 | 0.99756 | -0.06273 | 0.03068 | 1 | 1 | 1
Rough ground/Stone field#19 | -18.994 | 0.155 | 12.154 | -0.0274 | 0.83855 | -0.03578 | 0.54295 | 1 | 1 | 1
Rough ground/Stone field#190 | -15.593 | 0.193 | 10.431 | -0.00163 | 0.99799 | 0.00181 | 0.06331 | 1 | 1 | 1
Rough ground/Stone field#191 | -16.863 | 0.093 | 12.806 | 0.06392 | 0.72794 | -0.02398 | 0.68223 | 1 | 1 | 1
Rough ground/Stone field#192 | -20.319 | 0.187 | 11.75 | -0.01669 | 0.99046 | -0.05698 | 0.12432 | 1 | 1 | 1
Rough ground/Stone field#193 | -21.852 | 0.091 | 16.932 | 0.04117 | 0.88783 | -0.00425 | 0.45831 | 1 | 1 | 1
Rough ground/Stone field#194 | -18.41 | 0.04 | 12.194 | -0.04426 | 0.75528 | 0.01562 | 0.65372 | 1 | 1 | 1
Rough ground/Stone field#195 | -19.481 | 0.078 | 10.773 | 0.02874 | 0.9879 | 0.03701 | 0.14782 | 1 | 1 | 1
Rough ground/Stone field#196 | -13.026 | 0.115 | 11.505 | 0.00594 | 0.98772 | -0.03516 | 0.15211 | 1 | 1 | 1
Rough ground/Stone field#197 | -22.283 | 0.185 | 10.875 | -0.01954 | 0.92121 | 0.0044 | 0.38856 | 1 | 1 | 1
Rough ground/Stone field#198 | -17.786 | 0.091 | 10.112 | 0.02717 | 0.74985 | -0.059 | 0.65842 | 1 | 1 | 1
Rough ground/Stone field#199 | -19.678 | 0.028 | 9.622 | 0.04559 | 0.85653 | 0.01676 | 0.5138 | 1 | 1 | 1
Rough ground/Stone field#2 | -15.288 | 0.06 | 14.772 | -0.00001 | 0.77901 | -0.08839 | 0.62075 | 1 | 1 | 1
Rough ground/Stone field#20 | -16.659 | 0.182 | 9.135 | -0.03274 | 0.9474 | 0.0292 | 0.31703 | 1 | 1 | 1
Rough ground/Stone field#200 | -21.503 | 0.199 | 9.863 | -0.04122 | 0.79869 | -0.02985 | 0.59959 | 1 | 1 | 1
Rough ground/Stone field#201 | -12.748 | 0.169 | 12.318 | -0.00131 | 0.92102 | -0.00537 | 0.38949 | 1 | 1 | 1
Rough ground/Stone field#202 | -19.47 | 0.206 | 8.422 | -0.03918 | 0.73796 | -0.02252 | 0.67333 | 1 | 1 | 1
Rough ground/Stone field#203 | -15.228 | 0.163 | 10.238 | -0.00574 | 0.99818 | 0.0245 | 0.05473 | 1 | 1 | 1
Rough ground/Stone field#204 | -18.228 | 0.133 | 13.891 | 0.00569 | 0.9872 | -0.05347 | 0.15016 | 1 | 1 | 1
Rough ground/Stone field#205 | -12.546 | 0.039 | 11.56 | -0.05217 | 0.94206 | 0.02903 | 0.3301 | 1 | 1 | 1
Rough ground/Stone field#206 | -21.631 | 0.186 | 18.39 | -0.05104 | 0.98777 | -0.01664 | 0.14639 | 1 | 1 | 1
Rough ground/Stone field#207 | -16.056 | 0.057 | 8.184 | 0.06676 | 0.96861 | 0.00671 | 0.23938 | 1 | 1 | 1
Rough ground/Stone field#208 | -20.843 | 0.138 | 11.224 | 0.05007 | 0.90094 | 0.03067 | 0.42996 | 1 | 1 | 1
Rough ground/Stone field#209 | -24.824 | 0.182 | 15.633 | -0.06715 | 0.84958 | 0.03538 | 0.52197 | 1 | 1 | 1
Rough ground/Stone field#21 | -18.559 | 0.162 | 18.48 | 0.08654 | 0.83573 | -0.00834 | 0.54221 | 1 | 1 | 1
Rough ground/Stone field#210 | -13.399 | 0.206 | 12.817 | 0.02631 | 0.80897 | 0.07098 | 0.58295 | 1 | 1 | 1
Rough ground/Stone field#211 | -15.592 | 0.197 | 8.42 | 0.04364 | 0.78005 | -0.02939 | 0.6235 | 1 | 1 | 1
Rough ground/Stone field#212 | -17.054 | 0.04 | 10.356 | -0.06198 | 0.96871 | 0.01927 | 0.23954 | 1 | 1 | 1
Rough ground/Stone field#213 | -22.646 | 0.171 | 16.184 | 0.04976 | 0.98187 | -0.03251 | 0.17998 | 1 | 1 | 1
Rough ground/Stone field#214 | -17.836 | 0.216 | 18.217 | 0.04906 | 0.86314 | -0.05106 | 0.49998 | 1 | 1 | 1
Rough ground/Stone field#215 | -23.929 | 0.105 | 14.866 | -0.02813 | 0.82632 | -0.01667 | 0.56225 | 1 | 1 | 1
Rough ground/Stone field#216 | -21.707 | 0.21 | 15.691 | 0.07422 | 0.89567 | -0.02952 | 0.43749 | 1 | 1 | 1
Rough ground/Stone field#217 | -19.522 | 0.209 | 7.612 | 0.06594 | 0.99695 | -0.01964 | 0.03692 | 1 | 1 | 1
Rough ground/Stone field#218 | -13.112 | 0.095 | 12.558 | 0.00474 | 0.76023 | -0.02317 | 0.64922 | 1 | 1 | 1
Rough ground/Stone field#219 | -14.501 | 0.136 | 14.866 | 0.06605 | 0.98757 | -0.05745 | 0.13058 | 1 | 1 | 1
Rough ground/Stone field#22 | -16.024 | 0.214 | 18.193 | 0.0237 | 0.94281 | 0.02692 | 0.33139 | 1 | 1 | 1
Rough ground/Stone field#220 | -17.4 | 0.087 | 15.575 | 0.06465 | 0.99778 | 0.00996 | 0.01224 | 1 | 1 | 1
Rough ground/Stone field#221 | -17.857 | 0.202 | 8.791 | 0.03343 | 0.99898 | 0.01897 | -0.02391 | 1 | 1 | 1
Rough ground/Stone field#222 | -24.082 | 0.136 | 17.005 | -0.05773 | 0.81049 | -0.03329 | 0.58195 | 1 | 1 | 1
Rough ground/Stone field#223 | -22.061 | 0.057 | 14.796 | 0.01439 | 0.79882 | -0.07134 | 0.59716 | 1 | 1 | 1
Rough ground/Stone field#224 | -21.902 | 0.094 | 12.306 | 0.03283 | 0.98393 | -0.03959 | 0.17101 | 1 | 1 | 1
Rough ground/Stone field#225 | -17.777 | 0.038 | 11.031 | -0.01343 | 0.97603 | 0.00456 | 0.21719 | 1 | 1 | 1
Rough ground/Stone field#226 | -15.951 | 0.069 | 14.674 | -0.03567 | 0.92 | -0.07008 | 0.38394 | 1 | 1 | 1
Rough ground/Stone field#227 | -18.684 | 0.188 | 12.316 | 0.01187 | 0.9995 | -0.02124 | -0.02037 | 1 | 1 | 1
Rough ground/Stone field#228 | -22.603 | 0.214 | 14.206 | 0.0232 | 0.99861 | -0.02496 | 0.04016 | 1 | 1 | 1
Rough ground/Stone field#229 | -22.47 | 0.203 | 15.134 | 0.00663 | 0.95529 | -0.06663 | 0.288 | 1 | 1 | 1
Rough ground/Stone field#23 | -19.93 | 0.113 | 15.141 | 0.01676 | 0.79055 | -0.07366 | 0.60772 | 1 | 1 | 1
Rough ground/Stone field#230 | -18.437 | 0.049 | 19.491 | -0.03005 | 0.99505 | -0.06724 | 0.06677 | 1 | 1 | 1
Rough ground/Stone field#231 | -18.499 | 0.096 | 13.585 | 0.03833 | 0.98829 | -0.02187 | 0.14608 | 1 | 1 | 1
Rough ground/Stone field#232 | -23.104 | 0.147 | 13.284 | 0.03783 | 0.92506 | 0.04395 | 0.37537 | 1 | 1 | 1
Rough ground/Stone field#233 | -22.118 | 0.082 | 10.873 | -0.05413 | 0.98925 | 0.05358 | 0.12481 | 1 | 1 | 1
Rough ground/Stone field#234 | -23.344 | 0.194 | 17.102 | 0.02428 | 0.94848 | 0.04558 | 0.3126 | 1 | 1 | 1
Rough ground/Stone field#235 | -23.575 | 0.076 | 13.935 | -0.00506 | 0.7701 | -0.07954 | 0.63292 | 1 | 1 | 1
Rough ground/Stone field#236 | -21.104 | 0.184 | 9.263 | -0.06491 | 0.91947 | 0.03189 | 0.38644 | 1 | 1 | 1
Rough ground/Stone field#237 | -24.023 | 0.2 | 12.456 | 0.04335 | 0.99844 | 0.01828 | 0.02991 | 1 | 1 | 1
Rough ground/Stone field#238 | -17.244 | 0.029 | 19.232 | 0.03837 | 0.99221 | 0.07307 | 0.09327 | 1 | 1 | 1
Rough ground/Stone field#239 | -23.495 | 0.166 | 11.591 | 0.01045 | 0.88878 | -0.05631 | 0.45475 | 1 | 1 | 1
Rough ground/Stone field#24 | -16.065 | 0.159 | 8.101 | 0.01572 | 0.99676 | 0.02284 | 0.07545 | 1 | 1 | 1
Rough ground/Stone field#240 | -22.465 | 0.079 | 11.136 | -0.06384 | 0.96804 | 0.03231 | 0.24037 | 1 | 1 | 1
Rough ground/Stone field#241 | -17.954 | 0.111 | 13.047 | 0.04699 | 0.81302 | -0.02175 | 0.57993 | 1 | 1 | 1
Rough ground/Stone field#242 | -14.318 | 0.161 | 12.434 | -0.05334 | 0.72256 | -0.02423 | 0.68882 | 1 | 1 | 1
Rough ground/Stone field#243 | -23.106 | 0.124 | 17.518 | 0.04932 | 0.87944 | -0.01778 | 0.47311 | 1 | 1 | 1
Rough ground/Stone field#244 | -22.071 | 0.039 | 15.004 | -0.02214 | 0.75785 | -0.00115 | 0.65205 | 1 | 1 | 1
Rough ground/Stone field#245 | -21.967 | 0.159 | 9.694 | 0.00144 | 0.74115 | -0.0589 | 0.66875 | 1 | 1 | 1
Rough ground/Stone field#246 | -20.246 | 0.173 | 12.114 | 0.06791 | 0.84022 | -0.01985 | 0.5376 | 1 | 1 | 1
Rough ground/Stone field#247 | -21.407 | 0.083 | 15.558 | 0.03366 | 0.90817 | -0.04105 | 0.41522 | 1 | 1 | 1
Rough ground/Stone field#248 | -24.084 | 0.102 | 14.632 | 0.0682 | 0.9741 | -0.03773 | 0.21227 | 1 | 1 | 1
Rough ground/Stone field#249 | -15.68 | 0.159 | 10.546 | -0.05689 | 0.83524 | -0.00776 | 0.54689 | 1 | 1 | 1
Rough ground/Stone field#25 | -15.468 | 0.194 | 16.956 | 0.06255 | 0.78369 | 0.0063 | 0.61796 | 1 | 1 | 1
Rough ground/Stone field#250 | -19.806 | 0.1 | 7.648 | 0.01589 | 0.99763 | 0.04179 | 0.05239 | 1 | 1 | 1
Rough ground/Stone field#251 | -13.475 | 0.167 | 12.155 | 0.00398 | 0.99124 | -0.04334 | 0.12473 | 1 | 1 | 1
Rough ground/Stone field#252 | -22.314 | 0.176 | 16.487 | 0.02108 | 0.99924 | 0.02704 | 0.01844 | 1 | 1 | 1
Rough ground/Stone field#253 | -21.333 | 0.113 | 14.343 | 0.06652 | 0.99037 | -0.03218 | 0.11707 | 1 | 1 | 1
Rough ground/Stone field#254 | -17.792 | 0.115 | 16.556 | 0.04128 | 0.81296 | 0.03346 | 0.57989 | 1 | 1 | 1
Rough ground/Stone field#255 | -14.481 | 0.202 | 16.516 | -0.0107 | 0.77414 | 0.08001 | 0.62784 | 1 | 1 | 1
Rough ground/Stone field#256 | -18.067 | 0.153 | 10.596 | -0.04391 | 0.99185 | -0.03946 | 0.11293 | 1 | 1 | 1
Rough ground/Stone field#257 | -13.059 | 0.149 | 17.094 | -0.06206 | 0.99487 | -0.03541 | 0.07165 | 1 | 1 | 1
Rough ground/Stone field#258 | -21.091 | 0.044 | 16.959 | 0.03871 | 0.99737 | -0.01477 | 0.0594 | 1 | 1 | 1
Rough ground/Stone field#259 | -14.412 | 0.167 | 13.488 | -0.06675 | 0.99168 | 0.01031 | 0.10962 | 1 | 1 | 1
Rough ground/Stone field#26 | -23.836 | 0.082 | 17.225 | -0.0178 | 0.97287 | -0.02345 | 0.22949 | 1 | 1 | 1
Rough ground/Stone field#260 | -19.674 | 0.168 | 11.908 | -0.01667 | 0.82919 | -0.02189 | 0.55829 | 1 | 1 | 1
Rough ground/Stone field#261 | -18.062 | 0.152 | 20.263 | 0.00613 | 0.81957 | 0.05477 | 0.57032 | 1 | 1 | 1
Rough ground/Stone field#262 | -20.574 | 0.198 | 19.049 | -0.03164 | 0.98814 | -0.03645 | 0.14576 | 1 | 1 | 1
Rough ground/Stone field#263 | -18.946 | 0.114 | 14.777 | -0.06316 | 0.98269 | 0.0027 | 0.17413 | 1 | 1 | 1
Rough ground/Stone field#264 | -22.629 | 0.2 | 18.846 | -0.00908 | 0.92334 | -0.04276 | 0.38149 | 1 | 1 | 1
Rough ground/Stone field#265 | -18.551 | 0.089 | 17.909 | 0.01797 | 0.82313 | -0.05824 | 0.56457 | 1 | 1 | 1
Rough ground/Stone field#266 | -22.79 | 0.074 | 11.511 | 0.00258 | 0.96935 | 0.05781 | 0.23877 | 1 | 1 | 1
Rough ground/Stone field#267 | -20.285 | 0.042 | 12.315 | -0.04951 | 0.95031 | 0.02927 | 0.30595 | 1 | 1 | 1
Rough ground/Stone field#268 | -16.866 | 0.165 | 8.742 | -0.04853 | 0.88658 | 0.01843 | 0.45966 | 1 | 1 | 1
Rough ground/Stone field#269 | -17.721 | 0.097 | 15.016 | 0.03388 | 0.89098 | 0.03389 | 0.4515 | 1 | 1 | 1
Rough ground/Stone field#27 | -17.001 | 0.116 | 14.132 | 0.05598 | 0.96601 | 0.0176 | 0.25175 | 1 | 1 | 1
Rough ground/Stone field#270 | -23.16 | 0.088 | 14.232 | 0.00415 | 0.88999 | 0.04865 | 0.45336 | 1 | 1 | 1
Rough ground/Stone field#271 | -15.096 | 0.028 | 12.895 | 0.01569 | 0.91635 | 0.03024 | 0.39892 | 1 | 1 | 1
Rough ground/Stone field#272 | -21.269 | 0.129 | 13.998 | -0.02828 | 0.99084 | -0.00519 | 0.13191 | 1 | 1 | 1
Rough ground/Stone field#273 | -16.559 | 0.057 | 10.758 | 0.00963 | 0.96601 | -0.01335 | 0.25797 | 1 | 1 | 1
Rough ground/Stone field#274 | -14.91 | 0.134 | 17.017 | -0.0103 | 0.83717 | 0.06293 | 0.54321 | 1 | 1 | 1
Rough ground/Stone field#275 | -23.418 | 0.126 | 13.393 | -0.06775 | 0.9925 | 0.05777 | 0.08381 | 1 | 1 | 1
Rough ground/Stone field#276 | -20.269 | 0.056 | 9.767 | -0.00092 | 0.77536 | 0.05259 | 0.62932 | 1 | 1 | 1
Rough ground/Stone field#277 | -23.007 | 0.067 | 17.84 | -0.01299 | 0.90996 | 0.06446 | 0.40945 | 1 | 1 | 1
Rough ground/Stone field#278 | -23.22 | 0.124 | 17.619 | 0.05374 | 0.72352 | -0.02323 | 0.68782 | 1 | 1 | 1
Rough ground/Stone field#279 | -16.888 | 0.188 | 16.393 | 0.01455 | 0.77869 | 0.05671 | 0.62467 | 1 | 1 | 1
Rough ground/Stone field#28 | -20.406 | 0.119 | 11.376 | -0.05467 | 0.97202 | 0.01553 | 0.2279 | 1 | 1 | 1
Rough ground/Stone field#280 | -20.388 | 0.045 | 12.864 | -0.00994 | 0.9676 | 0.04423 | 0.24838 | 1 | 1 | 1
Rough ground/Stone field#281 | -14.358 | 0.054 | 12.442 | -0.0319 | 0.96425 | 0.00546 | 0.263 | 1 | 1 | 1
Rough ground/Stone field#282 | -16.302 | 0.199 | 8.958 | -0.08196 | 0.9487 | 0.04288 | 0.30233 | 1 | 1 | 1
Rough ground/Stone field#283 | -17.898 | 0.153 | 12.208 | -0.0206 | 0.97616 | -0.05827 | 0.20809 | 1 | 1 | 1
Rough ground/Stone field#284 | -24.672 | 0.18 | 15.736 | -0.04748 | 0.863 | -0.0004 | 0.50296 | 1 | 1 | 1
Rough ground/Stone field#285 | -21.542 | 0.043 | 11.646 | 0.04589 | 0.81845 | 0.02741 | 0.57208 | 1 | 1 | 1
Rough ground/Stone field#286 | -17.135 | 0.135 | 11.704 | -0.03523 | 0.89752 | -0.00346 | 0.43955 | 1 | 1 | 1
Rough ground/Stone field#287 | -13.539 | 0.101 | 15.444 | 0.01397 | 0.79695 | -0.00213 | 0.60389 | 1 | 1 | 1
Rough ground/Stone field#288 | -22.541 | 0.18 | 10.107 | 0.03901 | 0.96962 | -0.01593 | 0.24095 | 1 | 1 | 1
Rough ground/Stone field#289 | -16.164 | 0.219 | 16.862 | -0.00461 | 0.81752 | 0.03729 | 0.57468 | 1 | 1 | 1
Rough ground/Stone field#29 | -18.195 | 0.066 | 8.523 | 0.04585 | 0.98117 | 0.06815 | 0.1748 | 1 | 1 | 1
Rough ground/Stone field#290 | -13.877 | 0.084 | 17.349 | 0.02516 | 0.81871 | 0.01114 | 0.57355 | 1 | 1 | 1
Rough ground/Stone field#291 | -21.638 | 0.081 | 12.691 | -0.01611 | 0.82566 | -0.03304 | 0.56297 | 1 | 1 | 1
Rough ground/Stone field#292 | -17.392 | 0.189 | 15.01 | 0.00016 | 0.73467 | 0.00136 | 0.67842 | 1 | 1 | 1
Rough ground/Stone field#293 | -20.373 | 0.106 | 15.078 | -0.05013 | 0.95984 | 0.05331 | 0.27083 | 1 | 1 | 1
Rough ground/Stone field#294 | -17.931 | 0.088 | 8.455 | 0.05435 | 0.99307 | 0.03003 | 0.09974 | 1 | 1 | 1
Rough ground/Stone field#295 | -20.826 | 0.161 | 9.412 | 0.049 | 0.88509 | 0.03959 | 0.46113 | 1 | 1 | 1
Rough ground/Stone field#296 | -23.682 | 0.141 | 10.861 | 0.03812 | 0.92237 | 0.07273 | 0.37748 | 1 | 1 | 1
Rough ground/Stone field#297 | -15.161 | 0.102 | 15.255 | -0.05228 | 0.7898 | 0.0332 | 0.61023 | 1 | 1 | 1
Rough ground/Stone field#298 | -17.034 | 0.06 | 13.178 | 0.01651 | 0.95581 | 0.00448 | 0.29348 | 1 | 1 | 1
Rough ground/Stone field#299 | -23.099 | 0.218 | 13.568 | -0.00754 | 0.85004 | 0.00594 | 0.52664 | 1 | 1 | 1
Rough ground/Stone field#3 | -22.878 | 0.224 | 17.212 | 0.00936 | 0.81012 | 0.00151 | 0.58619 | 1 | 1 | 1
Rough ground/Stone field#30 | -20.389 | 0.172 | 17.633 | -0.01063 | 0.9298 | 0.03811 | 0.36593 | 1 | 1 | 1
Rough ground/Stone field#300 | -22.553 | 0.154 | 8.774 | -0.05635 | 0.99425 | -0.04654 | 0.07829 | 1 | 1 | 1
Rough ground/Stone field#301 | -21.861 | 0.079 | 12.444 | 0.00025 | 0.99997 | -0.00172 | 0.00736 | 1 | 1 | 1
Rough ground/Stone field#302 | -17.057 | 0.218 | 14.517 | -0.04187 | 0.94099 | 0.01668 | 0.33542 | 1 | 1 | 1
Rough ground/Stone field#303 | -16.098 | 0.182 | 17.291 | 0.05726 | 0.98438 | -0.06048 | 0.15513 | 1 | 1 | 1
Rough ground/Stone field#304 | -19.483 | 0.116 | 10.387 | 0.03925 | 0.97911 | 0.05707 | 0.19118 | 1 | 1 | 1
Rough ground/Stone field#305 | -18.317 | 0.222 | 11.465 | -0.01984 | 0.83505 | 0.02164 | 0.54939 | 1 | 1 | 1
Rough ground/Stone field#306 | -15.825 | 0.221 | 14.92 | 0.00229 | 0.78687 | 0.05573 | 0.6146 | 1 | 1 | 1
Rough ground/Stone field#307 | -12.644 | 0.043 | 13.939 | 0.04167 | 0.91071 | 0.02828 | 0.40996 | 1 | 1 | 1
Rough ground/Stone field#308 | -16.089 | 0.142 | 8.088 | -0.01151 | 0.98702 | -0.02393 | 0.15841 | 1 | 1 | 1
Rough ground/Stone field#309 | -18.266 | 0.04 | 17.779 | 0.01408 | 0.81385 | 0.02776 | 0.58024 | 1 | 1 | 1
Rough ground/Stone field#31 | -20.43 | 0.193 | 19.594 | 0.06954 | 0.72726 | 0.00595 | 0.6828 | 1 | 1 | 1
Rough ground/Stone field#310 | -23.43 | 0.1 | 11.703 | 0.05635 | 0.87608 | 0.02056 | 0.47842 | 1 | 1 | 1
Rough ground/Stone field#311 | -16.997 | 0.129 | 8.894 | 0.05485 | 0.99556 | -0.04968 | 0.05813 | 1 | 1 | 1
Rough ground/Stone field#312 | -21.294 | 0.098 | 17.537 | -0.03399 | 0.83764 | 0.01301 | 0.54501 | 1 | 1 | 1
Rough ground/Stone field#313 | -14.401 | 0.134 | 14.635 | 0.0369 | 0.97567 | -0.0286 | 0.21422 | 1 | 1 | 1
Rough ground/Stone field#314 | -19.97 | 0.084 | 9.097 | 0.06471 | 0.9882 | -0.02928 | 0.13571 | 1 | 1 | 1
Rough ground/Stone field#315 | -22.708 | 0.075 | 17.489 | -0.04433 | 0.83371 | 0.03421 | 0.54936 | 1 | 1 | 1
Rough ground/Stone field#316 | -16.399 | 0.202 | 18.814 | -0.02307 | 0.95353 | -0.03498 | 0.29838 | 1 | 1 | 1
Rough ground/Stone field#317 | -23.073 | 0.041 | 12.516 | 0.03039 | 0.92704 | -0.04794 | 0.37065 | 1 | 1 | 1
Rough ground/Stone field#318 | -18.862 | 0.121 | 19.919 | 0.03771 | 0.99533 | 0.02875 | 0.08411 | 1 | 1 | 1
Rough ground/Stone field#319 | -18.416 | 0.167 | 7.822 | -0.05635 | 0.99609 | -0.00757 | 0.06762 | 1 | 1 | 1
Rough ground/Stone field#32 | -14.641 | 0.215 | 16.281 | -0.01186 | 0.80862 | -0.0773 | 0.58311 | 1 | 1 | 1
Rough ground/Stone field#33 | -15.678 | 0.113 | 17.833 | -0.03854 | 0.99105 | -0.07363 | 0.1045 | 1 | 1 | 1
Rough ground/Stone field#34 | -18.538 | 0.036 | 19.951 | -0.03435 | 0.93497 | 0.02696 | 0.35202 | 1 | 1 | 1
Rough ground/Stone field#35 | -17.948 | 0.188 | 7.827 | -0.02572 | 0.98573 | -0.04959 | 0.15877 | 1 | 1 | 1
Rough ground/Stone field#36 | -23.447 | 0.092 | 13.458 | -0.02378 | 0.93521 | 0.03151 | 0.35189 | 1 | 1 | 1
Rough ground/Stone field#37 | -16.265 | 0.138 | 19.812 | -0.01912 | 0.78734 | -0.08816 | 0.60988 | 1 | 1 | 1
Rough ground/Stone field#38 | -16.409 | 0.13 | 10.878 | 0.01749 | 0.7687 | 0.08071 | 0.63425 | 1 | 1 | 1
Rough ground/Stone field#39 | -23.443 | 0.139 | 15.066 | 0.02726 | 0.93103 | 0.04088 | 0.36163 | 1 | 1 | 1
Rough ground/Stone field#4 | -12.623 | 0.13 | 13.755 | -0.05399 | 0.96985 | 0.01258 | 0.23732 | 1 | 1 | 1
Rough ground/Stone field#40 | -19.942 | 0.142 | 12.813 | -0.00122 | 0.99929 | 0.03159 | -0.02046 | 1 | 1 | 1
Rough ground/Stone field#41 | -19.985 | 0.09 | 10.988 | -0.06054 | 0.99814 | -0.00634 | 0.00458 | 1 | 1 | 1
Rough ground/Stone field#42 | -17.306 | 0.07 | 15.211 | -0.05569 | 0.81913 | -0.02832 | 0.57019 | 1 | 1 | 1
Rough ground/Stone field#43 | -15.116 | 0.127 | 10.21 | -0.02168 | 0.98274 | -0.06397 | 0.17224 | 1 | 1 | 1
Rough ground/Stone field#44 | -20.415 | 0.028 | 8.365 | 0.00733 | 0.92729 | 0.06943 | 0.36777 | 1 | 1 | 1
Rough ground/Stone field#45 | -17.219 | 0.156 | 19.28 | 0.06781 | 0.93928 | -0.02725 | 0.33527 | 1 | 1 | 1
Rough ground/Stone field#46 | -14.969 | 0.118 | 16.27 | -0.03627 | 0.7791 | -0.01346 | 0.6257 | 1 | 1 | 1
Rough ground/Stone field#47 | -18.426 | 0.091 | 14.218 | 0.01422 | 0.98979 | 0.01743 | 0.14074 | 1 | 1 | 1
Rough ground/Stone field#48 | -16.746 | 0.034 | 10.1 | 0.00193 | 0.94222 | 0.04937 | 0.33133 | 1 | 1 | 1
Rough ground/Stone field#49 | -19.577 | 0.051 | 14.249 | -0.01479 | 0.8383 | -0.00207 | 0.54501 | 1 | 1 | 1
Rough ground/Stone field#5 | -13.593 | 0.087 | 11.174 | -0.01035 | 0.99384 | 0.00427 | 0.1103 | 1 | 1 | 1
Rough ground/Stone field#50 | -15.481 | 0.07 | 13.714 | 0.01891 | 0.99372 | 0.03087 | 0.10584 | 1 | 1 | 1
Rough ground/Stone field#51 | -21.082 | 0.036 | 12.35 | -0.04872 | 0.95248 | -0.01274 | 0.30042 | 1 | 1 | 1
Rough ground/Stone field#52 | -15.86 | 0.058 | 8.845 | -0.0224 | 0.96579 | 0.04908 | 0.25365 | 1 | 1 | 1
Rough ground/Stone field#53 | -19.233 | 0.079 | 17.38 | 0.03996 | 0.95148 | 0.07355 | 0.29611 | 1 | 1 | 1
Rough ground/Stone field#54 | -12.509 | 0.108 | 12.489 | -0.02655 | 0.95631 | -0.01636 | 0.29069 | 1 | 1 | 1
Rough ground/Stone field#55 | -21.458 | 0.127 | 14.208 | -0.04061 | 0.89784 | 0.0052 | 0.43841 | 1 | 1 | 1
Rough ground/Stone field#56 | -16.362 | 0.108 | 9.892 | 0.04791 | 0.98055 | 0.01484 | 0.18975 | 1 | 1 | 1
Rough ground/Stone field#57 | -20.77 | 0.138 | 8.635 | 0.04522 | 0.99002 | 0.00173 | 0.13348 | 1 | 1 | 1
Rough ground/Stone field#58 | -14.11 | 0.12 | 10.047 | -0.02258 | 0.98455 | -0.02586 | 0.17172 | 1 | 1 | 1
Rough ground/Stone field#59 | -21.022 | 0.201 | 14.973 | 0.01033 | 0.97204 | 0.00995 | 0.23436 | 1 | 1 | 1
Rough ground/Stone field#6 | -17.241 | 0.049 | 20.148 | 0.00951 | 0.81807 | -0.00536 | 0.57501 | 1 | 1 | 1
Rough ground/Stone field#60 | -18.355 | 0.117 | 18.194 | 0.0033 | 0.96528 | 0.06032 | 0.25414 | 1 | 1 | 1
Rough ground/Stone field#61 | -22.045 | 0.059 | 9.058 | 0.0346 | 0.97672 | -0.04067 | 0.20777 | 1 | 1 | 1
Rough ground/Stone field#62 | -19.113 | 0.163 | 17.345 | 0.05603 | 0.98957 | -0.00208 | 0.13267 | 1 | 1 | 1
Rough ground/Stone field#63 | -14.834 | 0.195 | 15.653 | -0.03847 | 0.84367 | -0.03407 | 0.5344 | 1 | 1 | 1
Rough ground/Stone field#64 | -16.894 | 0.168 | 15.323 | -0.01684 | 0.99819 | 0.01966 | 0.05434 | 1 | 1 | 1
Rough ground/Stone field#65 | -16.435 | 0.119 | 11.163 | 0.06342 | 0.75095 | -0.02309 | 0.6569 | 1 | 1 | 1
Rough ground/Stone field#66 | -24.67 | 0.201 | 12.413 | -0.03178 | 0.88476 | 0.00308 | 0.46495 | 1 | 1 | 1
Rough ground/Stone field#67 | -18.193 | 0.196 | 15.539 | -0.05761 | 0.98056 | 0.02803 | 0.18549 | 1 | 1 | 1
Rough ground/Stone field#68 | -14.247 | 0.066 | 15.758 | -0.01905 | 0.9984 | -0.01266 | 0.05165 | 1 | 1 | 1
Rough ground/Stone field#69 | -24.181 | 0.091 | 12.736 | 0.03281 | 0.95365 | 0.00797 | 0.29901 | 1 | 1 | 1
Rough ground/Stone field#7 | -23.958 | 0.036 | 16.493 | -0.01609 | 0.94027 | 0.05698 | 0.33523 | 1 | 1 | 1
Rough ground/Stone field#70 | -18.591 | 0.062 | 12.916 | -0.0071 | 0.90417 | 0.02271 | 0.42651 | 1 | 1 | 1
Rough ground/Stone field#71 | -24.736 | 0.139 | 12.634 | 0.03784 | 0.83084 | -0.03006 | 0.55441 | 1 | 1 | 1
Rough ground/Stone field#72 | -20.095 | 0.026 | 12.311 | 0.01301 | 0.98863 | -0.00094 | 0.14978 | 1 | 1 | 1
Rough ground/Stone field#73 | -15.958 | 0.044 | 10.745 | -0.04867 | 0.996 | -0.01614 | 0.07323 | 1 | 1 | 1
Rough ground/Stone field#74 | -19.958 | 0.033 | 7.573 | 0.0292 | 0.73799 | -0.01352 | 0.67405 | 1 | 1 | 1
Rough ground/Stone field#75 | -16.925 | 0.106 | 10.196 | 0.07275 | 0.98496 | -0.05699 | 0.14602 | 1 | 1 | 1
Rough ground/Stone field#76 | -14.449 | 0.196 | 12.934 | -0.03167 | 0.98399 | -0.00188 | 0.17536 | 1 | 1 | 1
Rough ground/Stone field#77 | -18.071 | 0.155 | 13.673 | 0.01749 | 0.95813 | 0.07597 | 0.2755 | 1 | 1 | 1
Rough ground/Stone field#78 | -21.199 | 0.088 | 17.833 | -0.07357 | 0.959 | 0.01656 | 0.27319 | 1 | 1 | 1
Rough ground/Stone field#79 | -20.741 | 0.18 | 9.332 | 0.05819 | 0.92174 | 0.04032 | 0.38129 | 1 | 1 | 1
Rough ground/Stone field#8 | -13.686 | 0.146 | 15.685 | 0.06725 | 0.82748 | 0.00243 | 0.55745 | 1 | 1 | 1
Rough ground/Stone field#80 | -19.029 | 0.059 | 12.329 | 0.04196 | 0.99893 | 0.00699 | -0.01793 | 1 | 1 | 1
Rough ground/Stone field#81 | -21.966 | 0.025 | 15.617 | 0.00611 | 0.89609 | 0.07762 | 0.43699 | 1 | 1 | 1
Rough ground/Stone field#82 | -20.539 | 0.105 | 19.366 | 0.03193 | 0.90253 | 0.0529 | 0.42616 | 1 | 1 | 1
Rough ground/Stone field#83 | -22.491 | 0.026 | 12.917 | -0.06887 | 0.9959 | 0.04624 | 0.036 | 1 | 1 | 1
Rough ground/Stone field#84 | -18.913 | 0.035 | 14.946 | -0.02478 | 0.82717 | -0.0252 | 0.56083 | 1 | 1 | 1
Rough ground/Stone field#85 | -18.452 | 0.195 | 9.034 | 0.04225 | 0.88547 | 0.05667 | 0.45929 | 1 | 1 | 1
Rough ground/Stone field#86 | -16.416 | 0.13 | 19.789 | -0.05522 | 0.97014 | -0.03674 | 0.2333 | 1 | 1 | 1
Rough ground/Stone field#87 | -16.216 | 0.108 | 18.093 | -0.04405 | 0.96534 | -0.02819 | 0.25572 | 1 | 1 | 1
Rough ground/Stone field#88 | -16.087 | 0.135 | 9.42 | -0.03991 | 0.75359 | -0.00845 | 0.65607 | 1 | 1 | 1
Rough ground/Stone field#89 | -23.093 | 0.112 | 13.51 | 0.08025 | 0.8169 | -0.00416 | 0.57115 | 1 | 1 | 1
Rough ground/Stone field#9 | -15.705 | 0.186 | 12.716 | 0.00826 | 0.98305 | 0.0241 | 0.18158 | 1 | 1 | 1
Rough ground/Stone field#90 | -13.436 | 0.125 | 13.906 | 0.0351 | 0.86802 | -0.05732 | 0.49196 | 1 | 1 | 1
Rough ground/Stone field#91 | -19.11 | 0.154 | 10.267 | 0.03614 | 0.84859 | -0.00229 | 0.52782 | 1 | 1 | 1
Rough ground/Stone field#92 | -20.862 | 0.044 | 13.657 | -0.05487 | 0.96389 | -0.04931 | 0.25588 | 1 | 1 | 1
Rough ground/Stone field#93 | -18.338 | 0.136 | 17.209 | 0.01366 | 0.74247 | 0.07076 | 0.666 | 1 | 1 | 1
Rough ground/Stone field#94 | -14.585 | 0.199 | 16.004 | -0.06583 | 0.98558 | 0.06037 | 0.1437 | 1 | 1 | 1
Rough ground/Stone field#95 | -18.361 | 0.154 | 8.528 | 0.01716 | 0.93748 | -0.03034 | 0.34628 | 1 | 1 | 1
Rough ground/Stone field#96 | -19.548 | 0.179 | 7.683 | 0.05 | 0.99159 | 0.06471 | 0.1003 | 1 | 1 | 1
Rough ground/Stone field#97 | -15.889 | 0.217 | 8.728 | -0.06774 | 0.87395 | 0.03518 | 0.47998 | 1 | 1 | 1
Rough ground/Stone field#98 | -13.746 | 0.095 | 10.317 | -0.00744 | 0.76966 | -0.05493 | 0.63605 | 1 | 1 | 1
Rough ground/Stone field#99 | -15.167 | 0.102 | 16.73 | 0.03276 | 0.99702 | -0.06348 | 0.02906 | 1 | 1 | 1
Slope shapes/Crest and trough#0 | 41.845 | 0.605 | 3.244 | -0.12718 | -0.78996 | -0.17513 | 0.57369 | 1 | 1 | 1.282
Slope shapes/Crest and trough#1 | 38.031 | 0.846 | 2.004 | 0.12718 | -0.78996 | 0.17513 | 0.57369 | 1 | 1 | 1
Slope shapes/Crest and trough#10 | 38.059 | 1 | -4.201 | 0 | -0.22415 | 0 | 0.97455 | 1 | 1 | 1
Slope shapes/Crest and trough#11 | 36.496 | 0.866 | -0.982 | 0.21093 | -0.21883 | 0.04851 | 0.95146 | 1 | 1 | 1
Slope shapes/Crest and trough#12 | 34.564 | 0.863 | 2.997 | -0.21093 | -0.21883 | -0.04851 | 0.95146 | 1 | 1 | 1
Slope shapes/Crest and trough#13 | 33.001 | 1 | 6.214 | 0 | -0.22415 | 0 | 0.97455 | 1 | 1 | 1
Slope shapes/Crest and trough#2 | 40.353 | 0.125 | -8.923 | 0 | -0.22415 | 0 | 0.97455 | 1 | 1 | 1
Slope shapes/Crest and trough#3 | 40.134 | 0.25 | -8.473 | 0 | -0.22415 | 0 | 0.97455 | 1 | 1 | 1
Slope shapes/Crest and trough#4 | 39.916 | 0.375 | -8.024 | 0 | -0.22415 | 0 | 0.97455 | 1 | 1 | 1
Slope shapes/Crest and trough#5 | 39.698 | 0.5 | -7.574 | 0 | -0.22415 | 0 | 0.97455 | 1 | 1 | 1
Slope shapes/Crest and trough#6 | 39.479 | 0.625 | -7.124 | 0 | -0.22415 | 0 | 0.97455 | 1 | 1 | 1
Slope shapes/Crest and trough#7 | 39.261 | 0.75 | -6.674 | 0 | -0.22415 | 0 | 0.97455 | 1 | 1 | 1
Slope shapes/Crest and trough#8 | 39.042 | 0.875 | -6.225 | 0 | -0.22415 | 0 | 0.97455 | 1 | 1 | 1
Slope shapes/Crest and trough#9 | 38.824 | 1 | -5.775 | 0 | -0.22415 | 0 | 0.97455 | 1 | 1 | 1
Slope shapes/Steep valley#0 | 28.754 | 1.766 | 12.801 | 0.2951 | -0.49113 | -0.42212 | 0.70252 | 1 | 1 | 1
Slope shapes/Steep valley#1 | 29.399 | 1.766 | 14.564 | -0.2951 | -0.49113 | 0.42212 | 0.70252 | 1 | 1 | 1
Stairs/Slope fan#0 | -1.141 | 0.361 | 13.946 | -0.07982 | -0.4001 | -0.035 | 0.91232 | 1 | 1 | 1
Stairs/Slope fan#1 | 0.427 | 0.866 | 14.975 | -0.16872 | -0.23291 | -0.04107 | 0.95687 | 1 | 1 | 1
Stairs/Slope fan#2 | 2.218 | 1.34 | 15.307 | -0.25829 | -0.062 | -0.01661 | 0.96393 | 1 | 1 | 1
Stairs/Slope fan#3 | 3.921 | 1.768 | 14.933 | -0.33994 | 0.10344 | 0.03765 | 0.93398 | 1 | 1 | 1
Stairs/Slope fan#4 | 5.26 | 2.138 | 13.98 | -0.40559 | 0.25467 | 0.11876 | 0.86979 | 1 | 1 | 1
Stairs/Slope fan#5 | 6.05 | 2.438 | 12.678 | -0.44817 | 0.38398 | 0.22169 | 0.77625 | 1 | 1 | 1
Stairs/Slope fan#6 | 6.237 | 2.659 | 11.303 | -0.46214 | 0.48518 | 0.33973 | 0.66001 | 1 | 1 | 1
Stairs/Stair lanes#171 | -13.214 | 1.873 | 29.218 | -0.00473 | 0.97304 | 0.2297 | 0.02004 | 1 | 1 | 1
Stairs/Stair lanes#173 | -7.242 | 0.125 | 11.796 | 0 | 0.02059 | 0 | -0.99979 | 1 | 1 | 1
Stairs/Stair lanes#174 | -7.262 | 0.25 | 12.295 | 0 | 0.02059 | 0 | -0.99979 | 1 | 1 | 1
Stairs/Stair lanes#175 | -7.283 | 0.375 | 12.795 | 0 | 0.02059 | 0 | -0.99979 | 1 | 1 | 1
Stairs/Stair lanes#176 | -7.304 | 0.5 | 13.294 | 0 | 0.02059 | 0 | -0.99979 | 1 | 1 | 1
Stairs/Stair lanes#177 | -7.324 | 0.625 | 13.794 | 0 | 0.02059 | 0 | -0.99979 | 1 | 1 | 1
Stairs/Stair lanes#178 | -7.345 | 0.75 | 14.293 | 0 | 0.02059 | 0 | -0.99979 | 1 | 1 | 1
Stairs/Stair lanes#179 | -7.365 | 0.875 | 14.793 | 0 | 0.02059 | 0 | -0.99979 | 1 | 1 | 1
Stairs/Stair lanes#180 | -7.386 | 1 | 15.293 | 0 | 0.02059 | 0 | -0.99979 | 1 | 1 | 1
Stairs/Stair lanes#181 | -7.407 | 1.125 | 15.792 | 0 | 0.02059 | 0 | -0.99979 | 1 | 1 | 1
Stairs/Stair lanes#182 | -7.427 | 1.25 | 16.292 | 0 | 0.02059 | 0 | -0.99979 | 1 | 1 | 1
Stairs/Stair lanes#183 | -7.448 | 1.375 | 16.791 | 0 | 0.02059 | 0 | -0.99979 | 1 | 1 | 1
Stairs/Stair lanes#184 | -7.468 | 1.5 | 17.291 | 0 | 0.02059 | 0 | -0.99979 | 1 | 1 | 1
Stairs/Stair lanes#185 | -7.489 | 1.625 | 17.79 | 0 | 0.02059 | 0 | -0.99979 | 1 | 1 | 1
Stairs/Stair lanes#186 | -7.509 | 1.75 | 18.29 | 0 | 0.02059 | 0 | -0.99979 | 1 | 1 | 1
Stairs/Stair lanes#187 | -7.53 | 1.875 | 18.79 | 0 | 0.02059 | 0 | -0.99979 | 1 | 1 | 1
Stairs/Stair lanes#188 | -7.551 | 2 | 19.289 | 0 | 0.02059 | 0 | -0.99979 | 1 | 1 | 1
Stairs/Stair lanes#189 | -7.602 | 2 | 20.538 | 0 | 0.99979 | 0 | 0.02059 | 1 | 1 | 1
Traps/Ceiling wedge#0 | 27.231 | 1.3 | -2.227 | -0.18105 | -0.53501 | 0.11861 | -0.81665 | 1 | 1 | 1
Traps/Ceiling wedge#1 | 26.592 | 1.3 | -0.76 | 0 | -0.548 | 0 | -0.83648 | 1 | 1 | 1
Traps/Ceiling wedge#2 | 27.87 | 1.3 | -3.694 | 0 | -0.548 | 0 | -0.83648 | 1 | 1 | 1
Traps/Funnel#0 | 31.564 | 1.5 | -12.174 | 0 | -0.63244 | 0 | -0.77461 | 1 | 1 | 1
Traps/Funnel#1 | 32.483 | 1.5 | -14.283 | 0 | -0.45757 | 0 | -0.88918 | 1 | 1 | 1
Traps/Leaning pocket#0 | 29.148 | 2 | -6.628 | 0.12951 | -0.7345 | 0.11567 | -0.65602 | 1 | 1 | 1
Traps/Leaning pocket#1 | 30.107 | 2 | -8.828 | -0.05432 | -0.30808 | -0.16493 | -0.93538 | 1 | 1 | 1
Traps/Narrowing V#0 | 24.435 | 1.5 | 4.19 | 0 | -0.69754 | 0 | -0.71654 | 1 | 1 | 1
Traps/Narrowing V#1 | 25.234 | 1.5 | 2.357 | 0 | -0.37833 | 0 | -0.92567 | 1 | 1 | 1
Traps/Open box#0 | 22.439 | 3.9 | 8.774 | 0 | -0.548 | 0 | -0.83648 | 1 | 1 | 1
Traps/Open box#1 | 21.64 | 2 | 10.608 | 0 | -0.548 | 0 | -0.83648 | 1 | 1 | 1
Traps/Open box#2 | 23.237 | 2 | 6.941 | 0 | -0.548 | 0 | -0.83648 | 1 | 1 | 1
Traps/Open box#3 | 24.272 | 2 | 9.573 | 0 | -0.548 | 0 | -0.83648 | 1 | 1 | 1
